0: 24 14 73 35 16
1: 10 82 59 4 16
2: 7 97 10 53 88
3: 16 70 47 88 44
4: 29 26 85 37 50
5: 89 29 36 65 39
6: 11 90 5 37 25
7: 73 99 60 32 3
8: 28 91 0 38 45
9: 40 55 67 88 43
10: 11 69 21 97 6
11: 72 38 35 60 3
12: 26 24 45 31 61
13: 23 57 60 83 41
14: 16 11 33 68 50
15: 30 9 57 97 49
16: 0 61 18 73 58
17: 76 45 48 63 58
18: 51 90 82 97 73
19: 43 20 82 55 24
20: 23 66 57 92 68
21: 39 53 25 88 54
22: 77 49 24 3 7
23: 0 7 15 58 59
24: 57 40 8 31 35
25: 80 13 91 35 89
26: 66 53 46 58 74
27: 37 11 51 26 65
28: 81 75 89 84 35
29: 41 84 42 57 43
30: 53 14 83 13 97
31: 19 93 63 62 80
32: 52 28 34 51 87
33: 60 88 50 11 66
34: 68 92 94 9 76
35: 81 3 13 75 60
36: 56 29 26 39 42
37: 76 10 88 39 72
38: 68 43 53 54 94
39: 40 14 35 42 78
40: 1 62 22 47 72
41: 51 28 75 64 4
42: 87 72 85 65 63
43: 79 41 74 67 32
44: 98 88 76 51 42
45: 70 43 9 57 86
46: 39 11 48 61 58
47: 72 64 87 99 28
48: 43 86 0 28 4
49: 16 7 45 90 75
50: 78 88 15 6 92
51: 9 28 35 18 86
52: 73 9 97 22 23
53: 7 46 87 68 89
54: 84 68 17 88 36
55: 25 86 26 52 16
56: 67 19 22 59 28
57: 2 46 99 88 20
58: 8 37 94 31 45
59: 40 19 91 38 87
60: 81 23 7 50 63
61: 44 27 49 22 79
62: 17 41 50 91 0
63: 79 94 99 78 82
64: 19 86 72 13 70
65: 17 5 41 60 44
66: 28 93 19 87 44
67: 82 83 71 84 58
68: 3 1 99 5 45
69: 52 84 39 51 62
70: 73 22 1 45 87
71: 14 92 12 27 88
72: 92 20 7 31 16
73: 90 67 40 26 25
74: 95 27 24 0 72
75: 28 85 63 31 99
76: 37 53 0 82 40
77: 71 49 85 83 76
78: 73 27 48 81 59
79: 65 23 26 5 49
80: 3 52 28 79 53
81: 8 89 16 91 5
82: 45 89 88 37 61
83: 89 22 96 65 48
84: 76 13 29 87 30
85: 52 13 87 53 68
86: 39 81 47 92 34
87: 7 33 3 99 22
88: 8 96 12 48 33
89: 25 37 8 73 54
90: 56 1 20 37 88
91: 50 89 53 38 94
92: 21 29 75 69 73
93: 62 28 7 65 27
94: 29 25 75 93 74
95: 61 18 63 69 44
96: 18 77 45 38 14
97: 34 40 55 87 30
98: 49 9 60 24 30
99: 33 86 10 40 3
